1.000000000000000000e+00 -2.986149489879608154e-01 -9.329502284526824951e-02 -5.782720074057579041e-02 2.336551994085311890e-01 -1.374471783638000488e-01 -1.568316519260406494e-01 -1.111144423484802246e-01 7.821834087371826172e-02 -6.499115377664566040e-02 1.574709266424179077e-01 -2.739749848842620850e-02 -2.552853822708129883e-01 3.116412162780761719e-01 3.280580788850784302e-02 -8.694016188383102417e-02 1.124607548117637634e-01 -4.762803018093109131e-02 -2.467871457338333130e-02 1.241152584552764893e-01 -6.945760548114776611e-02 -4.004181921482086182e-02 -6.596407294273376465e-02 1.532058119773864746e-01 -2.764730453491210938e-01 5.052974820137023926e-02 4.591104388236999512e-02 -7.783324271440505981e-02 3.349306806921958923e-02 2.381919324398040771e-02 -1.212934777140617371e-01 -2.549079656600952148e-01 2.449771016836166382e-02 -1.011391133069992065e-01 -4.329199343919754028e-02 -1.621707230806350708e-01 1.691088080406188965e-03 1.311579793691635132e-01 7.031694054603576660e-03 3.156878054141998291e-03 1.643459945917129517e-01 3.588680922985076904e-02 1.270793378353118896e-01 -7.682294398546218872e-02 9.781372547149658203e-02 1.693456023931503296e-01 1.529619693756103516e-01 -3.024741075932979584e-02 3.258869051933288574e-02 -1.467269659042358398e-01 1.565224826335906982e-01 1.009133458137512207e-01 5.727231875061988831e-02 7.946090400218963623e-02 -1.630883216857910156e-01 2.405252456665039062e-01 2.909904420375823975e-01 1.223525553941726685e-01 1.525452733039855957e-01 -6.458890438079833984e-02 6.050378084182739258e-02 -1.925741434097290039e-01 -2.558256685733795166e-01 3.120272606611251831e-02 -8.948752284049987793e-02 1.994839869439601898e-02 9.712457656860351562e-03 -1.520862430334091187e-01 -1.598273813724517822e-01 1.721243858337402344e-01 -2.624404728412628174e-01 5.002820491790771484e-02 -1.599496454000473022e-01 7.324648648500442505e-02 1.942114830017089844e-01 1.021377071738243103e-01 -4.945358633995056152e-02 -1.026049554347991943e-01 2.824005670845508575e-02 5.564599484205245972e-02 1.012273654341697693e-01 -1.360548883676528931e-01 -1.631636321544647217e-01 -1.713953316211700439e-01 9.512871503829956055e-03 1.238349750638008118e-01 -2.405148446559906006e-01 -2.146397382020950317e-01 -6.231065839529037476e-02 7.061035186052322388e-02 -9.162758290767669678e-02 -1.102121621370315552e-01 -8.000180870294570923e-02 -5.944846197962760925e-04 -2.026100307703018188e-01 -2.116100192070007324e-01 1.772674918174743652e-02 2.776513099670410156e-01 -1.308512687683105469e-01 9.304856508970260620e-02
-2.986149489879608154e-01 1.000000119209289551e+00 -1.714462488889694214e-01 2.576630711555480957e-01 4.350492358207702637e-02 1.385871022939682007e-01 9.670971333980560303e-02 -1.150051802396774292e-01 1.977622509002685547e-02 6.800971925258636475e-02 1.136228442192077637e-01 -3.241699188947677612e-02 2.123291492462158203e-01 -5.626937001943588257e-02 9.413224458694458008e-02 -1.506294906139373779e-01 -6.075607985258102417e-02 8.225623518228530884e-03 2.415777742862701416e-02 5.404070019721984863e-03 -5.876825749874114990e-02 1.435009837150573730e-01 -2.677564024925231934e-01 -7.361782342195510864e-02 -3.188589215278625488e-02 -1.667630970478057861e-01 -7.133309543132781982e-02 6.501531600952148438e-02 -1.509694308042526245e-01 5.749930441379547119e-02 1.108771637082099915e-01 2.762651145458221436e-01 -1.030279994010925293e-01 -3.117405623197555542e-02 3.833305835723876953e-02 -4.352826625108718872e-02 -9.798280149698257446e-02 -9.060755372047424316e-03 -1.653883755207061768e-01 2.971643954515457153e-02 -1.892587915062904358e-02 4.243806749582290649e-02 -1.654552519321441650e-01 -2.173535525798797607e-01 -2.842720597982406616e-02 -4.182995483279228210e-02 -1.788818687200546265e-01 -1.913252770900726318e-01 1.569644510746002197e-01 5.170510709285736084e-02 -2.846240624785423279e-02 -7.359097898006439209e-02 -1.448135972023010254e-01 1.302514970302581787e-01 9.918342530727386475e-02 8.969379216432571411e-02 -1.470728665590286255e-01 -6.582371890544891357e-03 -3.806485235691070557e-02 2.105451077222824097e-01 -8.846615254878997803e-02 -5.985295400023460388e-02 -4.465616866946220398e-02 2.620173245668411255e-02 6.321048736572265625e-02 1.215858757495880127e-02 -6.883504986763000488e-02 2.378576397895812988e-01 1.485194638371467590e-02 -1.209591403603553772e-01 1.909436285495758057e-01 -4.669360816478729248e-02 1.330569088459014893e-01 1.403785049915313721e-01 -5.809625983238220215e-02 -2.326464504003524780e-01 -1.142648011445999146e-01 -3.716323524713516235e-02 5.718797445297241211e-02 -1.455294340848922729e-01 2.036938518285751343e-01 -1.483089029788970947e-01 6.792560964822769165e-02 -1.921473816037178040e-02 1.862344332039356232e-02 2.094918787479400635e-01 5.544354394078254700e-02 3.173574805259704590e-05 -1.481314450502395630e-01 -8.054658770561218262e-02 1.380990073084831238e-02 8.144170790910720825e-02 7.388774305582046509e-02 1.471594348549842834e-02 7.055343687534332275e-02 5.829411372542381287e-02 1.151230931282043457e-02 -2.824928611516952515e-02 2.293458282947540283e-01 6.812518835067749023e-02
-9.329502284526824951e-02 -1.714462488889694214e-01 9.999999403953552246e-01 5.757267773151397705e-02 -7.579787075519561768e-02 -1.536271572113037109e-01 -3.467791900038719177e-02 3.361354768276214600e-01 -1.828325688838958740e-01 -9.183648973703384399e-02 3.671710938215255737e-02 -5.617192015051841736e-02 -1.703613698482513428e-01 -2.091000676155090332e-01 -8.127527683973312378e-02 2.104411274194717407e-02 1.327128708362579346e-01 1.403285562992095947e-02 5.032726377248764038e-02 -1.784352362155914307e-01 -1.954204738140106201e-01 7.290688157081604004e-02 -6.524372100830078125e-02 4.726398363709449768e-02 -1.063333600759506226e-01 1.431245356798171997e-01 2.676338255405426025e-01 2.661481313407421112e-02 -1.102139055728912354e-02 3.197016566991806030e-02 2.695855796337127686e-01 -5.939049273729324341e-02 1.488991081714630127e-01 1.242363825440406799e-01 3.071853704750537872e-02 3.850319236516952515e-02 2.524349838495254517e-02 -3.026973642408847809e-02 2.683075964450836182e-01 -1.852974295616149902e-01 -6.751310080289840698e-02 4.115097224712371826e-03 1.874786764383316040e-01 4.100701957941055298e-02 8.903142064809799194e-02 2.274407595396041870e-01 8.785349130630493164e-02 1.064871810376644135e-02 7.029541581869125366e-02 -1.312674582004547119e-01 -1.266198456287384033e-01 -2.290828973054885864e-01 -1.795340180397033691e-01 -7.405941188335418701e-02 1.033746078610420227e-01 -2.082955837249755859e-01 1.836255937814712524e-01 -1.112573221325874329e-01 -4.552926868200302124e-02 -1.348526030778884888e-02 2.597392722964286804e-02 -8.414544910192489624e-02 1.686551719903945923e-01 -5.863314867019653320e-02 -1.374869793653488159e-02 -5.653461813926696777e-02 -1.580988466739654541e-01 -6.405691802501678467e-02 2.108137458562850952e-01 -1.363452970981597900e-01 9.498715400695800781e-02 -8.135822415351867676e-02 -7.624018192291259766e-02 4.368133097887039185e-02 7.090376317501068115e-02 1.860453933477401733e-01 4.752671718597412109e-02 -3.134989142417907715e-01 1.662601828575134277e-01 -2.010262906551361084e-01 -3.276896476745605469e-02 1.074076369404792786e-01 9.615340083837509155e-02 -1.729853600263595581e-01 1.194267123937606812e-01 -3.341531753540039062e-02 1.598628610372543335e-01 -1.135262250900268555e-01 8.792398124933242798e-02 -8.295994997024536133e-02 -2.646104991436004639e-02 1.730139702558517456e-01 -1.027651876211166382e-02 -3.458191081881523132e-02 4.711590707302093506e-03 1.822232007980346680e-01 8.141653239727020264e-02 -1.019233465194702148e-01 -8.213252574205398560e-02 2.303183078765869141e-02
-5.782720074057579041e-02 2.576630711555480957e-01 5.757267773151397705e-02 1.000000000000000000e+00 -7.312704622745513916e-02 1.065378636121749878e-02 4.203377664089202881e-02 -2.107993513345718384e-01 1.394362896680831909e-01 -1.532625257968902588e-01 -9.100019931793212891e-03 -2.481400221586227417e-02 -6.367382407188415527e-02 -1.275175511837005615e-01 6.686374545097351074e-02 1.030502989888191223e-01 -1.142242923378944397e-02 -5.303114280104637146e-02 3.710540384054183960e-02 -3.640467673540115356e-02 -6.415458023548126221e-02 -9.565225243568420410e-02 -3.645994365215301514e-01 -3.917968273162841797e-02 5.599061027169227600e-02 -1.230804622173309326e-01 -9.564299881458282471e-02 1.762370914220809937e-01 7.660460472106933594e-02 5.024046823382377625e-02 -8.085161447525024414e-03 9.265846759080886841e-02 -7.809016108512878418e-02 -2.816768735647201538e-02 -3.343894705176353455e-02 1.418811082839965820e-01 -1.528266072273254395e-01 -9.825257584452629089e-03 1.479846984148025513e-02 9.449519217014312744e-03 -9.721469879150390625e-02 3.072542324662208557e-02 -2.439328581094741821e-01 -2.334276586771011353e-02 2.289545089006423950e-01 2.624607831239700317e-02 -5.822243168950080872e-02 -6.268303841352462769e-02 2.171887159347534180e-01 -5.609717965126037598e-02 1.864652335643768311e-01 6.951759010553359985e-02 1.948079168796539307e-01 3.094647079706192017e-02 8.296167850494384766e-02 -6.727369129657745361e-02 -3.962105885148048401e-02 1.488003879785537720e-02 4.634423553943634033e-02 -1.366125941276550293e-01 2.030781507492065430e-01 -2.016303688287734985e-01 -8.930278569459915161e-02 -5.638363957405090332e-02 1.798621416091918945e-01 -4.837226122617721558e-02 8.554427325725555420e-02 8.920972049236297607e-02 -1.437651216983795166e-01 2.368159890174865723e-01 6.022229045629501343e-02 -1.576956659555435181e-01 1.758118569850921631e-01 -7.565928995609283447e-02 -3.655258566141128540e-02 -6.155161559581756592e-02 -2.248296886682510376e-02 -1.017098501324653625e-02 -1.355621814727783203e-01 1.372727155685424805e-01 1.424241065979003906e-02 -3.622798919677734375e-01 -4.529546946287155151e-03 -7.050834596157073975e-02 -5.509406328201293945e-03 -6.671768426895141602e-02 -2.302090078592300415e-02 -3.596711158752441406e-02 2.537971735000610352e-02 -1.389756500720977783e-01 1.480019390583038330e-01 1.096497103571891785e-01 1.006351336836814880e-01 9.315478056669235229e-02 1.213893592357635498e-01 -4.979091882705688477e-02 5.562914162874221802e-02 -1.072054207324981689e-01 -1.109630092978477478e-01 -1.153110265731811523e-01
2.336551994085311890e-01 4.350492358207702637e-02 -7.579787075519561768e-02 -7.312704622745513916e-02 1.000000119209289551e+00 2.921672724187374115e-02 -3.014800697565078735e-02 1.843255609273910522e-01 -8.907435834407806396e-02 6.675302982330322266e-02 9.483877569437026978e-02 1.902087330818176270e-01 7.482547312974929810e-02 -4.773597419261932373e-02 3.677062690258026123e-02 -2.619062364101409912e-01 -2.994028478860855103e-02 1.589696854352951050e-02 -5.122470110654830933e-02 7.945358008146286011e-02 -6.517794728279113770e-02 -1.711234152317047119e-01 5.701706185936927795e-02 -5.802448838949203491e-03 -2.733866274356842041e-01 -5.434677004814147949e-02 1.432280391454696655e-01 9.365383535623550415e-03 -1.529299467802047729e-01 -2.700928598642349243e-05 -8.903998881578445435e-03 -5.540357157588005066e-02 2.437420561909675598e-02 -9.440276771783828735e-03 -2.002178728580474854e-01 -1.977418661117553711e-01 -4.007602483034133911e-02 1.839450597763061523e-01 5.581811070442199707e-02 4.533403366804122925e-02 -5.031746625900268555e-02 -1.060870438814163208e-01 -1.494171470403671265e-02 -2.438408434391021729e-01 -2.723339200019836426e-02 3.163049742579460144e-02 1.799136400222778320e-01 -1.916750520467758179e-01 -8.173105120658874512e-02 -1.777176260948181152e-01 3.130908682942390442e-02 2.793379426002502441e-01 -4.845605790615081787e-02 1.383377015590667725e-01 1.689103543758392334e-01 2.135240733623504639e-01 1.682779937982559204e-01 2.985475957393646240e-01 1.134403422474861145e-01 -5.174860358238220215e-03 -3.383330255746841431e-02 1.284116506576538086e-02 -9.208237379789352417e-02 -1.742628216743469238e-02 -6.881683319807052612e-02 1.020922511816024780e-01 6.087218970060348511e-02 -6.264187395572662354e-03 -9.514664113521575928e-02 3.407453373074531555e-02 -1.328524649143218994e-01 1.984187215566635132e-01 -5.144469812512397766e-02 1.731058210134506226e-01 2.575187087059020996e-01 2.105700969696044922e-01 -1.627406328916549683e-01 -2.313595563173294067e-01 2.355307154357433319e-02 1.046231091022491455e-01 2.345833480358123779e-01 -3.938201814889907837e-02 1.262440681457519531e-01 -1.422950327396392822e-01 1.091109812259674072e-01 -5.675375461578369141e-03 4.090445861220359802e-02 -2.014685422182083130e-01 1.142391562461853027e-01 -2.219159305095672607e-01 1.128747314214706421e-02 1.176745817065238953e-02 -5.205965414643287659e-02 6.706293672323226929e-02 -3.384822607040405273e-01 -1.679880470037460327e-01 -2.356332354247570038e-02 -1.562444418668746948e-01 2.780251204967498779e-03 -2.777288109064102173e-02
-1.374471783638000488e-01 1.385871022939682007e-01 -1.536271572113037109e-01 1.065378636121749878e-02 2.921672724187374115e-02 9.999998807907104492e-01 5.978398025035858154e-02 3.281050920486450195e-02 2.748239040374755859e-02 1.593132019042968750e-01 9.037804603576660156e-02 -9.632754325866699219e-02 5.755292624235153198e-02 7.583751529455184937e-02 4.461986944079399109e-02 5.126024782657623291e-02 1.312829256057739258e-01 5.842421576380729675e-02 -1.706807613372802734e-01 7.814829051494598389e-02 6.787980347871780396e-02 1.211676523089408875e-01 -1.160560399293899536e-01 -8.695179969072341919e-02 -3.299695998430252075e-02 -7.643930613994598389e-02 2.466940134763717651e-01 1.458126753568649292e-01 -9.075446426868438721e-02 1.637598723173141479e-01 -9.671289473772048950e-02 -1.584141552448272705e-01 -1.077234894037246704e-01 2.209492027759552002e-02 2.795997262001037598e-02 5.869478732347488403e-02 -1.396628022193908691e-01 9.852392971515655518e-02 4.483559355139732361e-02 2.771265506744384766e-01 9.351175278425216675e-02 3.862846270203590393e-02 -1.927597224712371826e-01 -2.371617406606674194e-01 -7.930181920528411865e-03 -6.789118051528930664e-04 1.723673641681671143e-01 -8.341702073812484741e-02 3.539801388978958130e-02 6.487693637609481812e-03 1.850533187389373779e-01 2.695149779319763184e-01 -9.220391511917114258e-02 -9.311325848102569580e-04 1.331438571214675903e-01 1.076749414205551147e-01 1.446919143199920654e-02 8.556810021400451660e-02 1.846070438623428345e-01 1.323066651821136475e-01 -4.010906815528869629e-02 2.779453992843627930e-02 9.517896175384521484e-02 -7.855011522769927979e-02 -3.558805584907531738e-02 2.588079869747161865e-02 9.379679337143898010e-03 1.301126331090927124e-01 -1.099502146244049072e-01 6.398063898086547852e-02 -2.747129648923873901e-02 -2.470017820596694946e-01 1.856414228677749634e-01 4.219574481248855591e-02 7.766559720039367676e-03 8.092317730188369751e-03 -8.495785295963287354e-02 -3.132232278585433960e-02 -2.310771644115447998e-01 5.462796241044998169e-02 -5.118853598833084106e-02 3.220890462398529053e-02 1.441656649112701416e-01 -8.722894638776779175e-02 4.794019460678100586e-02 -2.923361957073211670e-03 2.400828599929809570e-01 1.804130226373672485e-01 6.594958901405334473e-02 5.482213571667671204e-02 -8.661843091249465942e-02 9.544453024864196777e-02 9.321108460426330566e-02 -1.660791039466857910e-01 -8.648416399955749512e-02 1.189129576086997986e-01 2.477344498038291931e-02 -4.025237262248992920e-02 -6.028491258621215820e-02 -8.219765499234199524e-03
-1.568316519260406494e-01 9.670971333980560303e-02 -3.467791900038719177e-02 4.203377664089202881e-02 -3.014800697565078735e-02 5.978398025035858154e-02 1.000000000000000000e+00 -3.237367421388626099e-02 1.548364162445068359e-01 1.923457682132720947e-01 -2.285095676779747009e-02 -1.366801261901855469e-01 3.760947659611701965e-02 7.031451910734176636e-03 7.263766229152679443e-02 -1.103917062282562256e-01 3.469663858413696289e-02 3.222553059458732605e-03 -4.603674262762069702e-02 -2.516569495201110840e-01 -7.122111320495605469e-02 3.783088922500610352e-02 7.967437803745269775e-02 1.224409416317939758e-02 8.535782992839813232e-02 -2.690608501434326172e-01 -2.838525474071502686e-01 2.235498726367950439e-01 -1.991456001996994019e-02 -8.106099069118499756e-02 1.153286546468734741e-01 3.013488277792930603e-02 -1.310416609048843384e-01 9.103357046842575073e-02 1.239536330103874207e-01 1.892507672309875488e-01 -3.219056874513626099e-02 3.745704889297485352e-02 1.157670840620994568e-01 3.222552314400672913e-02 7.437516748905181885e-02 -1.113690733909606934e-01 -1.861597299575805664e-01 -1.963916569948196411e-01 7.885207235813140869e-02 3.471950441598892212e-02 -1.165354400873184204e-01 -1.642349064350128174e-01 2.098500579595565796e-01 5.073117464780807495e-02 -1.632839590311050415e-01 8.354596793651580811e-02 9.154885262250900269e-02 -1.336647197604179382e-02 8.138437569141387939e-02 -2.143786102533340454e-02 -1.524736583232879639e-01 5.886192619800567627e-02 -7.751751691102981567e-02 -1.758089661598205566e-01 1.058879047632217407e-01 -1.768444329500198364e-01 -1.262876987457275391e-01 2.278035879135131836e-02 -1.954286843538284302e-01 -2.603518068790435791e-01 -4.093755036592483521e-02 2.482898831367492676e-01 -1.180778741836547852e-01 1.608796417713165283e-03 9.731750190258026123e-02 -1.444158554077148438e-01 -4.967272281646728516e-02 3.611958026885986328e-02 -1.761941164731979370e-01 3.645000606775283813e-02 8.706510066986083984e-03 -1.340429484844207764e-01 6.779754161834716797e-02 -5.470563843846321106e-02 -9.479218721389770508e-02 4.733861610293388367e-02 -1.066063195466995239e-01 1.359463334083557129e-01 -9.745180606842041016e-03 -2.162051051855087280e-01 -7.899187505245208740e-03 1.548500657081604004e-01 -9.083480387926101685e-02 -8.251356333494186401e-02 -8.445796370506286621e-02 1.630923449993133545e-01 -1.011523082852363586e-01 2.689260542392730713e-01 1.183333247900009155e-02 4.497507587075233459e-02 -2.010755687952041626e-01 -3.402001410722732544e-02 3.759680092334747314e-01 6.414883583784103394e-02
-1.111144423484802246e-01 -1.150051802396774292e-01 3.361354768276214600e-01 -2.107993513345718384e-01 1.843255609273910522e-01 3.281050920486450195e-02 -3.237367421388626099e-02 1.000000119209289551e+00 -1.797973066568374634e-01 2.839932590723037720e-02 3.472891449928283691e-02 5.161710828542709351e-02 -1.417680978775024414e-01 5.150102078914642334e-03 7.284753024578094482e-02 -2.511655092239379883e-01 -2.514494061470031738e-01 -1.670408993959426880e-03 1.752769947052001953e-02 -2.768365293741226196e-02 -1.047392934560775757e-01 2.407816201448440552e-01 2.252828031778335571e-01 -8.832260221242904663e-02 -9.535960853099822998e-03 -3.268659859895706177e-02 1.848569214344024658e-01 -2.106380760669708252e-01 -1.705923676490783691e-01 -3.103476017713546753e-03 1.012112498283386230e-01 3.933251649141311646e-02 2.121501266956329346e-01 -9.693792462348937988e-02 1.078592017292976379e-01 6.542561948299407959e-02 -1.693092100322246552e-02 2.838941663503646851e-02 -6.343060731887817383e-02 6.553693860769271851e-02 1.197389736771583557e-01 -4.125672206282615662e-02 1.916462033987045288e-01 -8.045934140682220459e-02 4.797602072358131409e-03 -1.866294071078300476e-02 3.530491143465042114e-03 -1.309671998023986816e-01 -1.039330512285232544e-01 -1.482305489480495453e-02 -9.176833182573318481e-02 -1.517106592655181885e-01 -3.076832890510559082e-01 2.517474442720413208e-02 -5.057236552238464355e-02 1.179240345954895020e-01 1.950382813811302185e-02 1.026238799095153809e-01 8.806419372558593750e-02 -5.849090963602066040e-02 7.600093632936477661e-02 -1.257112920284271240e-01 8.963071554899215698e-02 3.974064439535140991e-02 4.565960913896560669e-02 4.685716703534126282e-03 -1.718237102031707764e-01 -2.103203684091567993e-01 5.628028512001037598e-02 -1.274928450584411621e-01 1.227401793003082275e-01 6.594992429018020630e-02 -1.467461325228214264e-02 2.579248845577239990e-01 -1.551252789795398712e-03 1.531716287136077881e-01 2.244764380156993866e-02 -6.040775030851364136e-02 8.739106357097625732e-02 5.977287143468856812e-02 -9.938133507966995239e-02 9.569235891103744507e-02 9.342664480209350586e-02 -3.215676546096801758e-02 2.283554226160049438e-01 -8.494621142745018005e-04 1.942127346992492676e-01 -7.523566484451293945e-03 1.793040335178375244e-01 -1.352801471948623657e-01 -2.586127519607543945e-01 -5.554988235235214233e-02 6.491317600011825562e-02 -1.303690224885940552e-01 1.330366730690002441e-02 1.366125196218490601e-01 -1.215176582336425781e-01 5.554692819714546204e-02 9.507066756486892700e-02 -3.324471041560173035e-02
7.821834087371826172e-02 1.977622509002685547e-02 -1.828325688838958740e-01 1.394362896680831909e-01 -8.907435834407806396e-02 2.748239040374755859e-02 1.548364162445068359e-01 -1.797973066568374634e-01 1.000000000000000000e+00 -4.111375659704208374e-02 7.687108218669891357e-02 -2.059395909309387207e-01 1.297397613525390625e-01 -8.665516972541809082e-03 -9.513700753450393677e-02 3.845319896936416626e-02 -9.600827097892761230e-02 -6.594417989253997803e-02 -1.285092346370220184e-02 5.781148374080657959e-02 -1.945475488901138306e-02 -4.636126011610031128e-02 1.352724879980087280e-01 9.018091857433319092e-02 2.680938690900802612e-02 -1.280183047056198120e-01 -8.958254754543304443e-02 -6.685020029544830322e-02 1.164748519659042358e-01 -8.158539235591888428e-02 -8.058002591133117676e-02 -1.226371079683303833e-01 9.990987181663513184e-02 -1.679549962282180786e-01 -4.774525389075279236e-02 1.791572012007236481e-02 -1.968780308961868286e-01 -2.728544920682907104e-02 7.475748658180236816e-03 4.025058448314666748e-02 8.695144206285476685e-02 1.525081414729356766e-02 -1.512838900089263916e-01 -1.254148185253143311e-01 2.123307585716247559e-01 -1.366350054740905762e-01 -2.399318218231201172e-01 -8.878418058156967163e-02 1.410506367683410645e-01 -5.962651595473289490e-02 7.133632153272628784e-02 4.421330988407135010e-03 1.554716378450393677e-02 -2.450398355722427368e-02 4.387404769659042358e-04 -6.967835128307342529e-03 -1.155060231685638428e-01 -8.734605461359024048e-02 1.352217346429824829e-01 -2.603456079959869385e-01 -1.208143085241317749e-01 1.054263114929199219e-01 -5.518167465925216675e-02 3.737904503941535950e-02 -3.479788601398468018e-01 -2.883743867278099060e-02 1.159507036209106445e-01 -3.151786327362060547e-02 -2.022210210561752319e-01 5.489367246627807617e-02 2.616479694843292236e-01 5.776702612638473511e-02 4.938814043998718262e-02 1.054711788892745972e-01 -2.039778232574462891e-02 1.103565543889999390e-01 9.232872724533081055e-02 3.378763794898986816e-04 -1.669598370790481567e-01 9.748920798301696777e-03 -9.687336534261703491e-02 -2.651454806327819824e-01 -1.324767619371414185e-01 -3.913838788866996765e-02 5.786392092704772949e-02 -1.845078617334365845e-01 5.313210189342498779e-02 5.954004451632499695e-02 7.817184180021286011e-02 -1.302703917026519775e-01 1.268054731190204620e-02 6.439660489559173584e-02 -1.340052783489227295e-01 -9.086838364601135254e-02 -3.911764919757843018e-02 -1.198181882500648499e-01 -9.706422686576843262e-02 -1.098353937268257141e-01 -2.120396792888641357e-01 7.249856740236282349e-02
-6.499115377664566040e-02 6.800971925258636475e-02 -9.183648973703384399e-02 -1.532625257968902588e-01 6.675302982330322266e-02 1.593132019042968750e-01 1.923457682132720947e-01 2.839932590723037720e-02 -4.111375659704208374e-02 9.999999403953552246e-01 -2.591478452086448669e-02 1.264310479164123535e-01 6.055504083633422852e-03 7.105933874845504761e-02 -5.019145086407661438e-02 9.849140048027038574e-02 -2.348233759403228760e-02 5.787124484777450562e-02 2.231024950742721558e-02 -6.739110499620437622e-02 -2.336698472499847412e-01 3.494241833686828613e-02 4.708103835582733154e-02 4.226529598236083984e-02 1.075421273708343506e-01 8.411175012588500977e-02 -2.766417339444160461e-02 1.581146568059921265e-01 -4.051914438605308533e-02 1.784037798643112183e-02 5.561595410108566284e-02 -1.665969341993331909e-01 1.558938771486282349e-01 2.283055782318115234e-01 2.966629862785339355e-01 9.627801179885864258e-02 -1.577956601977348328e-02 6.844705343246459961e-02 8.194509148597717285e-02 2.056377828121185303e-01 2.730961889028549194e-02 -6.667051464319229126e-02 -4.758458957076072693e-02 -2.226718962192535400e-01 -1.212127283215522766e-01 -1.160015538334846497e-02 -3.152699023485183716e-02 -2.492302656173706055e-01 7.874034345149993896e-02 -3.288317844271659851e-02 8.529232442378997803e-02 6.230547279119491577e-02 -5.603682622313499451e-02 1.051094904541969299e-01 -8.535390719771385193e-03 -3.972306847572326660e-03 -9.534540772438049316e-02 2.240880727767944336e-01 8.454532921314239502e-02 7.226882874965667725e-02 7.872766256332397461e-02 1.963045597076416016e-01 -4.175478219985961914e-02 -5.143251642584800720e-02 -8.910764753818511963e-02 2.363921701908111572e-02 3.107235431671142578e-01 2.111974805593490601e-01 -1.835342794656753540e-01 1.742703020572662354e-01 -4.053314030170440674e-02 -8.598138391971588135e-02 1.980917453765869141e-01 8.400658518075942993e-02 7.617583870887756348e-02 1.805464327335357666e-01 -2.647508382797241211e-01 -3.544511273503303528e-03 -1.094746589660644531e-01 7.142996788024902344e-02 9.514728188514709473e-02 1.068403124809265137e-01 -2.126879096031188965e-01 3.945149481296539307e-03 -2.131190299987792969e-01 3.926213085651397705e-02 -9.987331926822662354e-03 1.609021574258804321e-01 -1.549296081066131592e-03 7.673853635787963867e-02 -2.980060279369354248e-01 1.155302822589874268e-01 8.988296985626220703e-02 -2.515618316829204559e-02 3.912875801324844360e-02 1.109787672758102417e-01 -4.944841936230659485e-02 7.057179510593414307e-02 8.708776533603668213e-02 1.434344202280044556e-01
1.574709266424179077e-01 1.136228442192077637e-01 3.671710938215255737e-02 -9.100019931793212891e-03 9.483877569437026978e-02 9.037804603576660156e-02 -2.285095676779747009e-02 3.472891449928283691e-02 7.687108218669891357e-02 -2.591478452086448669e-02 9.999998211860656738e-01 -6.969574838876724243e-02 4.127748310565948486e-02 9.715201705694198608e-02 -6.369957327842712402e-02 -1.632066816091537476e-02 1.310677379369735718e-01 1.639849096536636353e-01 -3.413964509963989258e-01 1.180704832077026367e-01 -1.971549391746520996e-01 -1.015046387910842896e-01 1.588503122329711914e-01 1.535479277372360229e-01 -6.234494596719741821e-02 -3.968318551778793335e-02 -6.475346535444259644e-02 1.421479284763336182e-01 8.362030982971191406e-02 1.753949820995330811e-01 2.436062842607498169e-01 5.096720159053802490e-02 -2.688564062118530273e-01 1.100867763161659241e-01 2.591172605752944946e-02 -3.451059013605117798e-02 -1.544502526521682739e-01 -3.141104429960250854e-02 -1.124621853232383728e-01 -3.426718339323997498e-02 -1.231704652309417725e-01 4.368188232183456421e-02 6.874508224427700043e-03 -1.459146440029144287e-01 -9.703096002340316772e-03 1.770857572555541992e-01 1.800852864980697632e-01 -1.075429022312164307e-01 1.294061914086341858e-02 1.066809594631195068e-01 4.954522103071212769e-02 -3.482393920421600342e-02 -2.947770357131958008e-01 -8.104264736175537109e-02 -2.763076126575469971e-02 7.049180567264556885e-04 1.411689817905426025e-02 4.837277531623840332e-02 6.711717694997787476e-02 -3.865456581115722656e-02 3.443243727087974548e-02 6.474833190441131592e-02 -1.724826991558074951e-01 -1.145382523536682129e-01 -1.738492846488952637e-01 9.322968125343322754e-02 -5.449325963854789734e-02 -1.821400821208953857e-01 -2.777969837188720703e-02 5.695612728595733643e-02 1.095593050122261047e-01 8.807685971260070801e-02 2.007807046175003052e-01 9.921756386756896973e-02 3.192962706089019775e-02 2.044281065464019775e-01 -5.825441330671310425e-03 -4.409306496381759644e-02 1.072701662778854370e-01 -2.364456653594970703e-03 3.114073909819126129e-02 -1.248943731188774109e-01 -6.444625556468963623e-02 -5.995391309261322021e-02 2.378620505332946777e-01 2.766306400299072266e-01 -3.336825966835021973e-02 7.702483236789703369e-02 1.753201782703399658e-01 -2.180431485176086426e-01 -2.136211842298507690e-02 -2.311499863862991333e-01 6.745397299528121948e-02 -3.825705498456954956e-03 -1.547430902719497681e-01 8.782738447189331055e-02 3.749105036258697510e-01 -1.149566993117332458e-01 -7.705940306186676025e-02 6.380043923854827881e-02
-2.739749848842620850e-02 -3.241699188947677612e-02 -5.617192015051841736e-02 -2.481400221586227417e-02 1.902087330818176270e-01 -9.632754325866699219e-02 -1.366801261901855469e-01 5.161710828542709351e-02 -2.059395909309387207e-01 1.264310479164123535e-01 -6.969574838876724243e-02 1.000000000000000000e+00 -9.157334268093109131e-02 7.620077580213546753e-03 2.223852872848510742e-01 -7.908424735069274902e-02 -1.392017006874084473e-01 5.782221257686614990e-02 1.569542288780212402e-01 1.756713688373565674e-01 7.870543748140335083e-03 -1.913849264383316040e-01 1.311387866735458374e-01 1.287067402154207230e-02 -1.795069500803947449e-02 1.190569996833801270e-01 -4.098833724856376648e-02 1.314846277236938477e-01 -1.039077639579772949e-01 4.619241133332252502e-02 -1.087828800082206726e-01 2.667038142681121826e-01 1.937859207391738892e-01 9.658940136432647705e-03 -1.635833680629730225e-01 -5.143434181809425354e-02 4.518790915608406067e-02 2.944340407848358154e-01 8.962612599134445190e-02 2.952036075294017792e-02 -1.436624228954315186e-01 -1.620561033487319946e-01 -9.602358564734458923e-03 -8.091956377029418945e-02 6.373240053653717041e-02 -2.531298696994781494e-01 1.716908961534500122e-01 -1.931839436292648315e-01 -1.281166374683380127e-01 1.160359829664230347e-01 1.383200734853744507e-01 -7.510314881801605225e-02 5.112521350383758545e-03 -1.319731473922729492e-01 -6.692294776439666748e-02 -1.431785896420478821e-02 7.800782471895217896e-02 1.998320072889328003e-01 -1.229164302349090576e-01 -8.533953130245208740e-02 -2.196928560733795166e-01 5.631818249821662903e-02 -2.138331234455108643e-01 -1.297353506088256836e-01 9.487853944301605225e-02 -1.830056011676788330e-01 2.359961271286010742e-01 -9.439609199762344360e-02 -9.758544713258743286e-02 3.665990754961967468e-02 -1.509438753128051758e-01 -2.791109308600425720e-02 -1.146270781755447388e-01 -2.020733058452606201e-02 2.322896569967269897e-01 -5.927625298500061035e-02 -3.737271204590797424e-02 -6.126920878887176514e-02 1.304506212472915649e-01 -3.553231805562973022e-02 1.799058914184570312e-01 -9.755471348762512207e-02 1.858602464199066162e-02 -5.542260780930519104e-02 -1.224592775106430054e-01 4.837018996477127075e-02 1.345629617571830750e-02 -8.138509839773178101e-02 6.037387624382972717e-02 1.435622274875640869e-01 -6.376969814300537109e-02 4.037285968661308289e-02 -5.104073137044906616e-02 -1.251450777053833008e-01 -9.826913475990295410e-03 2.144119143486022949e-01 8.796846121549606323e-02 2.526361495256423950e-02 7.607822865247726440e-02 -1.102535501122474670e-01
-2.552853822708129883e-01 2.123291492462158203e-01 -1.703613698482513428e-01 -6.367382407188415527e-02 7.482547312974929810e-02 5.755292624235153198e-02 3.760947659611701965e-02 -1.417680978775024414e-01 1.297397613525390625e-01 6.055504083633422852e-03 4.127748310565948486e-02 -9.157334268093109131e-02 1.000000000000000000e+00 -1.364134997129440308e-01 7.894285023212432861e-03 -1.245958060026168823e-01 1.307444870471954346e-01 9.407982230186462402e-03 -7.749037444591522217e-02 -4.063433036208152771e-02 2.961128950119018555e-03 -5.089588090777397156e-02 1.375070065259933472e-01 1.987421810626983643e-01 3.027617931365966797e-02 5.288840085268020630e-02 -7.981106638908386230e-02 -1.676021069288253784e-01 -5.168596282601356506e-02 9.154605865478515625e-02 1.522662192583084106e-01 -1.539381686598062515e-02 -2.066154181957244873e-01 -1.661322712898254395e-01 -4.356007277965545654e-02 9.036342054605484009e-02 -2.193301171064376831e-01 2.012813463807106018e-02 5.051001906394958496e-02 1.292555332183837891e-01 -1.661014743149280548e-03 -5.357978492975234985e-02 -8.628457784652709961e-03 -5.010998994112014771e-02 -1.795797199010848999e-01 -1.448118239641189575e-01 5.239188671112060547e-03 2.250634729862213135e-01 -8.965284377336502075e-02 8.883440494537353516e-02 -9.274944663047790527e-02 1.978228837251663208e-01 -1.114446371793746948e-01 -3.106707707047462463e-02 1.486998796463012695e-01 8.725096285343170166e-02 -2.792558670043945312e-01 -6.331378966569900513e-02 7.122139632701873779e-02 -3.058816865086555481e-02 7.702702283859252930e-02 1.575380712747573853e-01 6.570853292942047119e-02 4.611323773860931396e-02 -1.642220914363861084e-01 6.112761050462722778e-02 4.711287841200828552e-02 2.173153012990951538e-01 1.674336791038513184e-01 -1.927386224269866943e-01 2.473599463701248169e-01 3.041296899318695068e-01 6.129880249500274658e-02 -2.214935123920440674e-01 1.087797135114669800e-01 4.757017642259597778e-02 -1.513978093862533569e-01 1.882734894752502441e-02 3.478176891803741455e-03 -1.619356572628021240e-01 -4.195144400000572205e-03 7.484477013349533081e-02 3.510965406894683838e-02 -1.787376701831817627e-01 7.986299693584442139e-03 -5.235959962010383606e-02 1.469205319881439209e-02 -3.930873423814773560e-02 -1.448642611503601074e-01 -1.538429558277130127e-01 -1.377211958169937134e-01 -1.511106640100479126e-01 5.667895823717117310e-02 1.064193695783615112e-01 7.306648790836334229e-02 3.833906352519989014e-02 -1.276260614395141602e-02 -3.561360761523246765e-02 1.641596853733062744e-02 -2.877633273601531982e-02
3.116412162780761719e-01 -5.626937001943588257e-02 -2.091000676155090332e-01 -1.275175511837005615e-01 -4.773597419261932373e-02 7.583751529455184937e-02 7.031451910734176636e-03 5.150102078914642334e-03 -8.665516972541809082e-03 7.105933874845504761e-02 9.715201705694198608e-02 7.620077580213546753e-03 -1.364134997129440308e-01 1.000000000000000000e+00 1.409233808517456055e-01 2.180535197257995605e-01 4.709461703896522522e-02 -2.167375758290290833e-02 6.000486388802528381e-02 1.645871400833129883e-01 -1.641127169132232666e-01 1.252530217170715332e-01 -7.842487096786499023e-02 2.333748340606689453e-02 -1.388630717992782593e-01 5.399752408266067505e-02 7.390005886554718018e-02 -5.920594930648803711e-02 -2.170690447092056274e-01 9.273555874824523926e-02 -1.572755277156829834e-01 2.753607928752899170e-03 -3.904702514410018921e-02 6.087094545364379883e-02 1.705866754055023193e-01 -1.609094142913818359e-01 -1.722222939133644104e-02 1.022138670086860657e-01 -1.230199337005615234e-01 -1.298121511936187744e-01 2.358977794647216797e-01 3.263409808278083801e-02 1.553165614604949951e-01 2.695917338132858276e-02 5.374778062105178833e-03 -5.089385807514190674e-02 -2.139115333557128906e-02 -1.740080416202545166e-01 4.871000722050666809e-02 2.181231826543807983e-01 1.923134028911590576e-01 1.458134502172470093e-01 8.441187441349029541e-03 1.047195196151733398e-01 -1.382069587707519531e-01 2.323226034641265869e-01 1.184797286987304688e-02 8.075450360774993896e-02 -2.770886570215225220e-02 6.153766065835952759e-03 5.749950557947158813e-02 -1.526342928409576416e-01 -1.978954225778579712e-01 1.324970871210098267e-01 -1.379643566906452179e-02 4.282636940479278564e-02 1.280547827482223511e-01 -6.319295614957809448e-02 -1.955481767654418945e-01 3.665720820426940918e-01 -3.413642197847366333e-02 -1.012707948684692383e-01 1.752402931451797485e-01 2.195261418819427490e-01 9.881347417831420898e-03 -2.120513319969177246e-01 1.237351074814796448e-02 -3.290743753314018250e-02 -8.401998877525329590e-02 9.927880018949508667e-03 1.720966696739196777e-01 -1.728929728269577026e-01 -4.006512090563774109e-02 -1.076312065124511719e-01 -1.956850290298461914e-01 5.383628420531749725e-03 -6.928091496229171753e-02 -4.229119047522544861e-02 -3.380008041858673096e-03 2.238385528326034546e-01 -3.447416126728057861e-01 5.157563462853431702e-02 -1.116961240768432617e-01 -1.613635271787643433e-01 -9.128864109516143799e-02 -1.576406657695770264e-01 -5.105350911617279053e-02 1.819209009408950806e-01 -9.590503573417663574e-02 2.751937806606292725e-01
3.280580788850784302e-02 9.413224458694458008e-02 -8.127527683973312378e-02 6.686374545097351074e-02 3.677062690258026123e-02 4.461986944079399109e-02 7.263766229152679443e-02 7.284753024578094482e-02 -9.513700753450393677e-02 -5.019145086407661438e-02 -6.369957327842712402e-02 2.223852872848510742e-01 7.894285023212432861e-03 1.409233808517456055e-01 1.000000000000000000e+00 -4.938766732811927795e-02 -4.177926853299140930e-02 1.366953998804092407e-01 2.121119946241378784e-01 -4.755551367998123169e-02 2.293615341186523438e-01 -2.120314091444015503e-01 -9.262353181838989258e-02 1.227401867508888245e-01 -1.218175664544105530e-01 7.765704393386840820e-02 -1.038822084665298462e-01 -2.038923799991607666e-01 -3.017043471336364746e-01 -6.591658294200897217e-02 3.523136675357818604e-02 5.711270496249198914e-02 -1.961777657270431519e-01 -5.814366415143013000e-02 -8.523163944482803345e-02 -1.624864488840103149e-01 1.229459643363952637e-01 4.063072055578231812e-02 -2.356201410293579102e-03 -1.979632824659347534e-01 1.305752545595169067e-01 -3.734425604343414307e-01 -2.018658444285392761e-02 -6.901886314153671265e-03 -1.574507057666778564e-01 -1.275939792394638062e-01 -1.622324287891387939e-01 -4.758122563362121582e-02 3.010887652635574341e-02 7.211379706859588623e-03 1.582612842321395874e-01 9.261547774076461792e-02 8.766275644302368164e-02 -1.313237473368644714e-03 -1.958568692207336426e-01 1.466444432735443115e-01 1.574169993400573730e-01 1.351808011531829834e-01 3.673434257507324219e-04 1.427302882075309753e-02 7.193549722433090210e-02 6.770922988653182983e-02 1.390948891639709473e-04 -3.967106714844703674e-02 1.014895588159561157e-01 -1.123583242297172546e-01 -2.582525834441184998e-03 3.022445365786552429e-02 2.384681254625320435e-02 1.306003332138061523e-02 2.419146150350570679e-02 1.224704384803771973e-01 -9.517571330070495605e-02 -1.420099660754203796e-02 1.379792988300323486e-01 -2.841116786003112793e-01 -1.326460242271423340e-01 -1.942713558673858643e-02 -1.135564297437667847e-01 -7.258784770965576172e-02 7.342234998941421509e-02 -1.266236901283264160e-01 2.608066983520984650e-02 -3.958516567945480347e-02 -2.902275919914245605e-01 1.163547337055206299e-01 5.278343707323074341e-02 -4.003154486417770386e-02 1.120516508817672729e-01 -2.815470099449157715e-02 -6.098663061857223511e-02 1.733710169792175293e-01 -7.719892263412475586e-02 -7.036833465099334717e-02 -1.028198003768920898e-01 8.831797540187835693e-02 -2.004818022251129150e-01 4.988034442067146301e-02 1.249131858348846436e-01 -3.204958140850067139e-02
